2.394
1.357
5.126
24.74
6.383
4.016
1.024
0.308
0.111
0.07
0.596
9.740
13.300
8.080
1.760
2.480
1.040
0.435
0.197
0.048
0.010
0.009
1.290
7.440
12.500
5.050
12.500
6.630
1.850
0.639
0.208
0.075
0.030
0.035
0.062
0.224
2.710
0.990
1.970
2.110
1.170
0.915
0.304
0.078
0.045
0.017
0.225
0.557
11.200
3.760
4.240
6.380
5.100
3.420
1.350
0.570
0.184
0.071
0.089
1.280
4.000
4.120
4.740
7.380
3.970
1.940
0.579
0.154
0.035
0.038
0.062
0.570
0.802
5.190
8.040
4.700
2.110
0.944
0.241
0.095
0.041
0.012
0.889
5.090
5.960
18.700
5.240
7.800
3.560
1.510
0.578
0.213
0.106
0.080
0.271
8.220
4.280
7.600
8.930
12.300
4.500
1.380
0.363
0.125
0.055
0.184
1.690
2.960
6.830
4.260
5.070
2.080
3.730
1.240
1.120
0.135
0.062
0.020
0.893
4.990
13.000
5.950
22.500
5.790
4.790
1.330
0.855
0.276
0.085
0.101
0.157
0.163
0.686
2.760
4.490
3.280
4.700
3.690
1.260
0.141
0.043
0.048
0.310
0.543
1.010
1.270
6.590
3.100
1.580
0.855
0.460
0.080
0.030
0.057
0.063
13.200
35.500
17.400
2.880
3.730
7.990
2.220
0.858
0.316
0.195
0.113
0.150
1.220
2.780
4.460
7.360
3.280
3.130
1.280
0.649
0.153
0.063
0.058
0.100
0.476
2.960
7.570
8.010
3.830
1.980
0.759
0.238
0.061
0.029
0.003
0.121
0.899
0.669
1.170
2.100
2.010
0.945
0.410
0.301
0.065
0.019
0.016
0.125
0.496
0.962
1.650
5.200
5.750
2.940
0.959
0.251
0.189
0.056
0.072
1.170
4.290
0.974
0.732
1.710
2.530
1.260
0.418
0.128
0.026
0.018
0.017
0.027
1.000
6.050
1.430
4.980
2.770
1.140
0.491
0.098
0.025
0.000
0.195
0.256
2.210
1.920
7.600
10.900
10.900
5.930
3.150
0.713
0.269
0.096
0.292
0.475
4.980
9.580
17.000
10.000
3.820
1.130
0.707
0.587
0.251
0.170
0.080
0.286
0.321
6.970
5.770
5.630
7.650
6.060
3.670
0.899
1.360
0.153
0.302
1.550
0.346
2.430
16.200
14.000
13.200
9.690
2.250
0.679
0.756
0.092
0.041
0.302
0.791
7.540
2.660
7.750
1.850
3.260
1.460
0.353
0.206
0.072
0.201
0.355
0.203
0.398
1.970
1.610
2.250
0.588
1.460
0.733
0.183
0.047
0.253
0.782
0.573
1.630
2.660
4.070
7.950
2.340
1.330
1.890
0.623
0.712
0.099
0.559
0.236
0.281
4.040
6.500
6.210
1.500
0.946
0.408
0.096
0.061
0.110